# Created by Octave 3.2.4, Sun Dec 30 23:39:19 2012 CET <p@p-VirtualBox>
# name: mu
# type: matrix
# rows: 1
# columns: 784
 1 1 1 1 1 1 1 1 0.9999969517977619 0.9999793775947352 0.9999663568790021 0.9999688405993443 0.9999291010738703 0.9998804051023142 0.9998639974952056 0.9998401763591972 0.9997906148487339 0.9998324617732861 0.9998549657848707 0.9999023446320029 0.9999485192510905 0.9999709856305489 0.9999647010654408 0.9999852858385792 0.9999943551810407 0.999990403807769 0.9999958604660965 0.9999980054973011 1 1 1 1 1 0.9999949949271895 0.9999995107823568 0.9999782862630696 0.9998674220187077 0.9996504351779096 0.9990990116298324 0.998513531007367 0.9981907978913966 0.9977877201855715 0.9972251198959546 0.9967667605964541 0.9963739940932614 0.9968579808708374 0.9974175705903426 0.9982228228309595 0.9988519567200441 0.9993069667602953 0.9996316567468382 0.9997997218233217 0.9999121666169923 0.9999796786517463 0.9999945433416726 0.9999913069788027 1 1 1 1 0.9999922101498361 0.9999417454683394 0.9998240698090998 0.999353329540015 0.9984784954976924 0.997138528373118 0.994597494302496 0.9916159761924116 0.9891653721215187 0.9860251217022967 0.9824263238229424 0.9791859719475077 0.9772242844627487 0.9776876488350599 0.9819396651643921 0.9870721603550064 0.991365948344638 0.9942778093887639 0.9963919069854258 0.9978539150959017 0.9991298699734769 0.9997981036418866 0.9999551425053362 0.999980318397895 1 1 1 0.9999922101498361 0.9999205585811786 0.9994458669388222 0.9981855293937013 0.9958818787763839 0.9926619611455821 0.9879431559204366 0.9815855468550079 0.9740681909183142 0.9661067006258975 0.9553261124809205 0.94325775297068 0.9328894247703688 0.9260872673958267 0.9283999873556055 0.9399085313535824 0.9546270581009926 0.9674374102473785 0.9779554766786187 0.9855064004720573 0.9912383754361562 0.9957235227885105 0.9988131956298564 0.9998153767879023 0.9999797915481254 1 1 0.999990403807769 0.9999639107907865 0.9994884665059022 0.9975901891541201 0.9933178514765342 0.9861324861589039 0.9767626511682518 0.9648812480619454 0.9500034621556284 0.9308574404735025 0.907381993178048 0.8759546894145345 0.8445370571075044 0.8230333074424303 0.8171431270189636 0.8321074668159909 0.8625323259965739 0.8953858873504875 0.9237826759753495 0.9469677161514076 0.9645323982502567 0.9790505339246093 0.9892256211558783 0.9961360461580611 0.9992433684666865 0.9999123547776243 1 1 0.9999882587765645 0.9998614008784844 0.9985382176822826 0.9941920457727079 0.9852322504312642 0.9701854210131772 0.9495207172382233 0.9242260953206709 0.8925074060024748 0.8536540418409033 0.8092725183117927 0.7600329506898721 0.7183502903694872 0.6959346390175907 0.699503858045598 0.7295918344306862 0.7761344957144535 0.8239499507771787 0.8669521063453787 0.9050215556819995 0.937107873242956 0.9621999966883729 0.9804022046404928 0.9927446389272737 0.9982733251445827 0.9998220376742744 1 1 0.9999873179734047 0.9996903252318892 0.9973856961792854 0.9899098108458798 0.9751258418306675 0.9500446317019053 0.9160035885995731 0.8726963117505562 0.8207821912735614 0.7690654136673861 0.7222747566706708 0.6830078154400099 0.65625276596129 0.6454626945204613 0.6539878388020339 0.6829363896641107 0.724667106209903 0.7693264300960673 0.8170088555919834 0.8657345941600961 0.9110255356556871 0.9464121530694267 0.9723245439738923 0.9895626168477524 0.9973475748352466 0.9997353332550586 1 1 0.9999765551852554 0.999559290167779 0.9964343936561266 0.9858695128596503 0.9649506793351457 0.9297119185460151 0.8811400201106083 0.8205068370047236 0.7566621658643498 0.7061502936811144 0.6811211287831577 0.6732326071838225 0.6706912344240629 0.6714286359407882 0.6782214229158576 0.6921249507019144 0.7146059690573604 0.74597411511818 0.7901051592140003 0.8425302487031969 0.893933513064369 0.9355137763688309 0.9674357168016908 0.9878474574230123 0.9965305813711942 0.9995340013788411 1 1 0.999969104024229 0.9994054124029468 0.9956210881404611 0.9824866104894283 0.9558102874191285 0.9112806438405241 0.8488266302989796 0.7746864491228703 0.7063108323323188 0.6687454276966429 0.672358826841039 0.6930445293425217 0.7085219455508289 0.7138274732586111 0.7122398867423525 0.7110699791969606 0.7185575681216751 0.739322109927957 0.7802917919816476 0.8344366320150047 0.8873838296258163 0.9311216180008008 0.9658842947588985 0.9878193085924681 0.9966765187573571 0.9993963054283589 1 1 0.9999298913485246 0.9993016606304737 0.9950590523327403 0.980036533268305 0.9477088432486459 0.8943016681568988 0.8212376152672031 0.7397233060274624 0.6724546006027161 0.6480094863064217 0.6709702390091611 0.7079328522442294 0.7300692732182693 0.7313197135141482 0.7219591360265895 0.7130934962653878 0.7178456059223935 0.7400884505498806 0.7833742394547256 0.8379785301192487 0.888157809569398 0.9309254040937732 0.9668115503532904 0.9893037830824023 0.9971828590180123 0.9994501570012313 1 1 0.9999283484313425 0.99923362174595 0.9946333577189512 0.9779860715973785 0.9402886534623062 0.8791516138161083 0.8001912088342169 0.7156822102401532 0.6517884291748328 0.6343789795973663 0.6638357523264181 0.7031416428078986 0.7227848225118391 0.7199624506642823 0.7051397205588822 0.6989516442228665 0.7126780375899784 0.7464796651041807 0.7951146726155532 0.8487888100119519 0.8950051254956151 0.9346710048981975 0.9699866104894284 0.9914676679822858 0.9977187781300144 0.9995527421777862 1 1 0.9999539006451652 0.999310729972935 0.9945252782519426 0.9756248438266755 0.9327687009088911 0.866036667238675 0.784488300924546 0.7011567363011533 0.6391904727498247 0.6243343253161852 0.6508359600557557 0.6846172662217045 0.6971936218061614 0.688535560854159 0.6742138648795923 0.6789944996884061 0.7094710277785304 0.7577651634890099 0.8116280636314098 0.8622711590393873 0.9049313138429024 0.9414146819483206 0.9738576391711298 0.9935189575599931 0.9983450896096194 0.9997628799715803 1 1 0.9999564219976337 0.9993423785912339 0.9940730153569182 0.9722798746398604 0.9250607758841292 0.854985090151522 0.7737798911979962 0.6936507452666311 0.632069345471952 0.6142824832988624 0.633592317627189 0.65515206389634 0.6603285510427109 0.6502602261540268 0.646096118471955 0.6669074370113468 0.7129076688252455 0.7707223561925922 0.824910811860442 0.8735767153475854 0.9132243431688659 0.9465854490114792 0.976982422786403 0.9948827081884497 0.9988691922339334 0.999826854586453 1 1 0.9999429873285104 0.9992769363234315 0.9932448827834527 0.9680389974199415 0.916634566462851 0.8459939096166641 0.7667717355635637 0.6898611525064502 0.6274357770130929 0.6066871912284029 0.6172419113507525 0.62606875238964 0.625636585050111 0.6213455065735798 0.6333544449562414 0.6681076007863609 0.7226138597616231 0.7789056126058591 0.8301287319779747 0.8771962485285839 0.9161691323235881 0.9490968665986278 0.9780318698952021 0.9951208819164086 0.998954918217863 0.9998811577448422 1 1 0.9999219886019816 0.9991352513675514 0.9918684124962744 0.9631163013339836 0.9091943563852687 0.8385689781823985 0.7621658267176055 0.68770328874679 0.6256591266938221 0.6030689375397018 0.6068663201500468 0.6047493248796525 0.6019231898194561 0.610278161625467 0.6391184072277767 0.6823773267943751 0.7347337000207729 0.7840190283083908 0.8310976463362867 0.8770768041594037 0.9168234044731051 0.9503273242353905 0.9783460228863541 0.9943259032462977 0.9985382176822826 0.9997780080863914 1 0.999999623678736 0.9998964363881587 0.9988797292293241 0.9900395664176925 0.9586851184508811 0.9037049204757905 0.8329076010874179 0.7576647233436596 0.6837458567028839 0.6240940818212745 0.6031163163868342 0.604995928203924 0.6004732616215533 0.6014617823177175 0.6222055511902289 0.6599535469031771 0.7007959194732707 0.7420610889834207 0.785230143032186 0.8303454177617615 0.8758708074047983 0.9169437520133188 0.9510267925687088 0.9778182323136533 0.9926624127310989 0.9977628829821503 0.9996769658270186 1 0.999992774631732 0.9998673843865813 0.9986244328838552 0.9884790750324389 0.9554720122349569 0.8997952436002806 0.8278383278691486 